3.205479452054796 -29.024390243902445
3.397260273972602 -29.75609756097562
3.56164383561644 -28.048780487804876
3.6712328767123275 -25.365853658536594
3.7534246575342465 -23.41463414634147
3.8630136986301373 -20.731707317073173
3.972602739726028 -19.512195121951216
4.082191780821919 -20.487804878048777
4.1643835616438345 -21.463414634146346
4.2465753424657535 -22.4390243902439
4.301369863013697 -23.41463414634147
4.383561643835616 -24.63414634146342
4.465753424657535 -25.609756097560975
4.547945205479454 -26.829268292682926
4.63013698630137 -27.804878048780495
4.684931506849313 -28.292682926829272
4.739726027397261 -28.78048780487805
4.794520547945208 -29.26829268292684
4.876712328767123 -29.75609756097562
4.958904109589039 -30
5.041095890410958 -30
5.123287671232877 -29.75609756097562
5.232876712328768 -29.512195121951223
5.315068493150687 -29.26829268292684
5.397260273972606 -29.024390243902445
5.479452054794521 -28.78048780487805
5.56164383561644 -28.292682926829272
5.643835616438359 -28.048780487804876
5.698630136986303 -27.804878048780495
5.780821917808222 -27.5609756097561
5.8356164383561655 -27.317073170731717
5.917808219178081 -27.07317073170732
5.972602739726025 -26.585365853658544
6.027397260273975 -26.097560975609767
6.109589041095891 -25.609756097560975
6.1643835616438345 -25.121951219512198
6.2465753424657535 -24.63414634146342
6.3287671232876725 -24.390243902439025
6.410958904109592 -24.390243902439025
6.493150684931507 -24.390243902439025
6.575342465753426 -24.63414634146342
6.657534246575345 -24.878048780487802
6.739726027397261 -25.121951219512198
6.82191780821918 -25.365853658536594
6.904109589041099 -25.609756097560975
6.986301369863018 -26.097560975609767
7.06849315068493 -26.097560975609767
7.150684931506849 -26.097560975609767
7.232876712328764 -26.34146341463415
7.315068493150683 -26.34146341463415
7.397260273972602 -26.34146341463415
7.479452054794518 -26.34146341463415
7.589041095890412 -26.34146341463415
7.671232876712331 -26.34146341463415
7.780821917808218 -26.34146341463415
7.863013698630134 -26.097560975609767
8 -25.85365853658537
8.164383561643838 -25.609756097560975
8.3013698630137 -25.365853658536594
8.410958904109592 -25.365853658536594
8.520547945205479 -25.121951219512198
8.657534246575342 -25.121951219512198
8.712328767123289 -25.365853658536594
8.794520547945208 -25.365853658536594
8.904109589041095 -25.609756097560975
8.082191780821919 -25.85365853658537
7.9178082191780845 -26.097560975609767
4.054794520547944 -19.999999999999993
3.890410958904109 -19.999999999999993
3.80821917808219 -21.463414634146346
3.7808219178082183 -22.19512195121952
3.7534246575342465 -22.926829268292693
3.7260273972602747 -24.146341463414643
3.6986301369862993 -24.878048780487802
3.6438356164383556 -26.585365853658544
3.616438356164384 -27.317073170731717
3.6438356164383556 -26.097560975609767
3.534246575342465 -28.78048780487805
3.479452054794521 -29.26829268292684
3.424657534246574 -29.75609756097562
3.3150684931506866 -29.26829268292684
3.2602739726027394 -29.024390243902445
3.1506849315068486 -29.512195121951223
3.1506849315068486 -30.243902439024396
3.1232876712328768 -30.731707317073173
3.0958904109589014 -31.463414634146346
3.0684931506849296 -32.19512195121952
3.0410958904109613 -33.170731707317074
3.0136986301369895 -33.90243902439025
2.986301369863014 -34.63414634146342
2.904109589041095 -35.1219512195122
2.8493150684931514 -34.63414634146342
2.794520547945204 -33.658536585365866
2.7671232876712324 -32.92682926829269
2.7671232876712324 -32.19512195121952
2.7397260273972606 -31.21951219512195
2.7397260273972606 -30.48780487804879
2.7123287671232887 -30
2.684931506849317 -29.26829268292684
2.684931506849317 -28.78048780487805
2.684931506849317 -27.804878048780495
2.684931506849317 -27.07317073170732
2.657534246575345 -26.34146341463415
2.657534246575345 -25.609756097560975
2.657534246575345 -24.878048780487802
2.6301369863013697 -24.146341463414643
2.6301369863013697 -23.170731707317074
2.6301369863013697 -22.4390243902439
2.6301369863013697 -21.707317073170742
2.602739726027398 -20.731707317073173
2.602739726027398 -19.999999999999993
2.575342465753426 -19.26829268292682
2.575342465753426 -18.53658536585366
2.575342465753426 -17.804878048780488
2.575342465753426 -16.82926829268292
2.5479452054794507 -16.097560975609753
2.5479452054794507 -15.365853658536587
2.5479452054794507 -14.634146341463413
2.5479452054794507 -13.90243902439024
2.520547945205479 -12.926829268292678
2.520547945205479 -12.195121951219512
2.520547945205479 -11.46341463414634
2.493150684931507 -10.731707317073166