2.3531914893617025 11.984375000000004
2.3531914893617025 11.906250000000004
2.3574468085106384 11.859375000000004
2.3574468085106384 11.796875000000004
2.3617021276595747 11.750000000000004
2.3617021276595747 11.687500000000004
2.365957446808511 11.609375000000004
2.365957446808511 11.546875000000004
2.3702127659574472 11.453125000000004
2.3702127659574472 11.390625000000004
2.3702127659574472 11.328125000000004
2.3744680851063835 11.265625000000004
2.3744680851063835 11.187500000000004
2.3787234042553194 11.093750000000004
2.3787234042553194 11.031250000000004
2.3787234042553194 10.984375000000004
2.3787234042553194 10.921875000000004
2.3829787234042556 10.875000000000004
2.3829787234042556 10.828125000000004
2.3872340425531915 10.765625000000004
2.3872340425531915 10.687500000000004
2.391489361702128 10.609375000000004
2.391489361702128 10.546875000000004
2.391489361702128 10.468750000000004
2.395744680851064 10.406250000000004
2.8382978723404255 -0.015625000000001776
2.8595744680851065 0
2.872340425531915 0.046875
2.885106382978724 0.09374999999999822
2.8978723404255318 0.14062499999999822
2.9063829787234043 0.18749999999999822
2.914893617021277 0.23437499999999822
2.9234042553191486 0.265625
2.931914893617021 0.328125
2.9361702127659575 0.375
2.94468085106383 0.4375
2.953191489361702 0.4999999999999982
2.9617021276595743 0.5624999999999982
2.970212765957447 0.640625
2.9787234042553195 0.703125
2.9829787234042553 0.765625
2.9872340425531916 0.8281249999999982
2.9957446808510637 0.8906249999999982
3.0042553191489363 0.9531249999999982
3.0085106382978726 0.9999999999999982
3.0127659574468084 1.0624999999999982
3.0212765957446805 1.140625
3.0255319148936173 1.1718749999999982
3.0340425531914894 1.234375
3.042553191489362 1.296875
3.0468085106382983 1.34375
3.051063829787234 1.40625
3.0553191489361704 1.46875
3.0638297872340425 1.5468749999999982
3.072340425531915 1.609375
3.0808510638297872 1.671875
3.0893617021276594 1.71875
3.0936170212765957 1.78125
3.097872340425532 1.828125
3.1106382978723404 1.8749999999999982
3.1234042553191492 1.9218749999999982
3.127659574468085 1.96875
3.14468085106383 1.9843749999999982
3.1617021276595745 2.015625
3.1829787234042555 2.0312499999999982
3.2042553191489365 2.015625
3.2212765957446807 1.96875
3.246808510638298 1.9375
3.2638297872340427 1.9218749999999982
3.2851063829787233 1.90625
3.31063829787234 1.90625
3.331914893617021 1.90625
3.353191489361702 1.9218749999999982
3.374468085106383 1.9375
3.391489361702128 1.9843749999999982
3.408510638297872 2.0312499999999982
3.421276595744681 2.09375
3.4340425531914898 2.125
3.442553191489362 2.1875
3.4553191489361703 2.234375
3.4680851063829787 2.296875
3.480851063829787 2.3593749999999982
3.493617021276596 2.4375
3.502127659574468 2.484375
3.5148936170212766 2.5625
3.523404255319149 2.640625
3.536170212765957 2.71875
3.5446808510638297 2.796875
3.5574468085106385 2.875
3.561702127659575 2.9375
3.5702127659574465 3
3.578723404255319 3.0625
3.5829787234042554 3.125
3.591489361702128 3.1875
3.5999999999999996 3.25
3.608510638297872 3.296875
3.6127659574468085 3.375
3.625531914893617 3.4375
3.6340425531914895 3.53125
3.6382978723404253 3.59375
3.6510638297872338 3.671875
3.6595744680851063 3.75
3.6638297872340426 3.8125
3.6723404255319148 3.859375
3.680851063829787 3.953125
3.685106382978723 4
3.6978723404255316 4.09375
3.706382978723404 4.171875
3.7148936170212767 4.25
3.723404255319149 4.328125000000002
3.7361702127659573 4.40625
3.74468085106383 4.5
3.7574468085106383 4.593750000000001
3.7702127659574467 4.6875
3.778723404255319 4.765625000000001
3.7872340425531914 4.828125000000001
3.8 4.90625
3.8127659574468087 4.984375000000001
3.825531914893617 5.062500000000001
3.8382978723404255 5.125000000000001
3.851063829787234 5.218750000000001
3.8680851063829786 5.265625000000001
3.880851063829787 5.328125000000001
3.8936170212765955 5.375000000000001
3.9106382978723406 5.421875000000001
3.927659574468085 5.453125000000001
3.9404255319148938 5.500000000000002
3.9659574468085106 5.515625000000001
3.987234042553191 5.515625000000001
4.017021276595744 5.531250000000001
4.038297872340426 5.531250000000001
4.072340425531914 5.500000000000002
4.102127659574467 5.484375000000001
4.136170212765958 5.468750000000001
4.157446808510638 5.421875000000001
4.191489361702128 5.375000000000001
4.208510638297872 5.343750000000001
4.234042553191489 5.296875000000001
4.25531914893617 5.281250000000001
4.272340425531915 5.281250000000001
4.285106382978723 5.218750000000001
4.306382978723404 5.171875000000001
4.3446808510638295 5.156250000000001
4.3574468085106375 5.109375000000001
4.378723404255319 5.062500000000001
4.408510638297872 5.015625
4.429787234042553 4.968750000000001
4.468085106382979 4.90625
4.48936170212766 4.890625000000001
4.514893617021277 4.828125000000001
4.553191489361701 4.781250000000001
4.5702127659574465 4.750000000000001
4.595744680851063 4.71875
4.612765957446808 4.6875
4.63404255319149 4.656250000000001
4.663829787234043 4.625000000000001
4.689361702127659 4.609375
4.719148936170212 4.578125
4.740425531914893 4.562500000000001
4.770212765957446 4.562500000000001
4.804255319148936 4.562500000000001
4.825531914893617 4.562500000000001
4.859574468085105 4.562500000000001
4.8936170212765955 4.562500000000001
4.914893617021276 4.593750000000001
4.948936170212765 4.625000000000001
4.970212765957447 4.625000000000001
5.004255319148935 4.656250000000001
5.0212765957446805 4.656250000000001
5.046808510638298 4.671875000000001
5.068085106382978 4.71875
5.093617021276596 4.781250000000001
5.114893617021276 4.828125000000001
5.140425531914893 4.843750000000001
5.165957446808511 4.90625
5.187234042553191 4.984375000000001
5.208510638297872 5.031250000000001
5.229787234042552 5.062500000000001
5.251063829787233 5.109375000000001
5.276595744680851 5.140625000000001
5.289361702127659 5.187500000000001
5.31063829787234 5.218750000000001
5.336170212765957 5.265625000000001
5.3574468085106375 5.328125000000001
5.374468085106383 5.359375000000001
5.391489361702128 5.421875000000001
5.421276595744681 5.468750000000001
5.446808510638297 5.515625000000001
5.472340425531915 5.546875000000001
5.502127659574468 5.593750000000001
5.519148936170213 5.625000000000001
5.536170212765957 5.671875000000001
5.5702127659574465 5.734375000000001
5.591489361702127 5.765625000000001
5.612765957446808 5.765625000000001
5.625531914893617 5.781250000000001
5.651063829787233 5.828125000000002
5.672340425531914 5.875000000000001
5.693617021276594 5.890625000000001
5.71063829787234 5.921875000000001
5.736170212765957 5.968750000000001
5.757446808510638 6.015625000000002
5.778723404255318 6.031250000000001
5.799999999999999 6.046875000000002
5.817021276595744 6.093750000000002
5.838297872340425 6.140625000000001
5.859574468085105 6.187500000000001
5.885106382978723 6.218750000000001
5.902127659574468 6.281250000000001
5.914893617021276 6.328125000000001
5.936170212765957 6.375000000000002
5.9489361702127646 6.421875000000002
5.96595744680851 6.453125000000002
5.98723404255319 6.500000000000002
6.008510638297873 6.546875000000001
6.025531914893616 6.609375000000002
6.042553191489361 6.656250000000001
6.063829787234042 6.703125000000001
6.07659574468085 6.734375000000001
6.093617021276595 6.765625000000001
6.1191489361702125 6.812500000000001
6.136170212765956 6.859375000000002
6.161702127659574 6.921875000000001
6.182978723404254 6.937500000000002
6.208510638297872 6.953125000000001
6.229787234042552 7.015625000000002
6.251063829787233 7.046875000000002
6.276595744680851 7.062500000000001
6.302127659574467 7.046875000000002
6.33191489361702 7.078125000000002
6.3446808510638295 7.109375000000002
6.374468085106383 7.140625000000001
6.412765957446808 7.125000000000002
6.434042553191489 7.062500000000001
6.451063829787234 7.093750000000002
6.468085106382977 7.109375000000002
6.4978723404255305 7.109375000000002
6.523404255319148 7.109375000000002
6.548936170212766 7.109375000000002
6.565957446808509 7.156250000000002
6.6 7.109375000000002
6.617021276595743 7.078125000000002
6.646808510638298 7.046875000000002
6.6680851063829785 7.078125000000002
6.693617021276594 7.015625000000002
6.702127659574467 6.984375000000002
6.782978723404254 7.046875000000002
6.7957446808510635 7.000000000000002
6.7234042553191475 7.015625000000002
6.740425531914893 7.046875000000002
6.757446808510638 7.062500000000001
6.812765957446807 7.031250000000001
6.829787234042552 7.062500000000001
6.851063829787234 7.031250000000001
6.868085106382978 7.000000000000002
6.8808510638297875 6.953125000000001
6.897872340425531 6.921875000000001
6.914893617021276 6.953125000000001
6.927659574468084 7.000000000000002
6.944680851063829 7.015625000000002
6.978723404255318 7.046875000000002
6.961702127659574 7.031250000000001
2.4000000000000004 10.187500000000004
2.395744680851064 10.250000000000004
2.395744680851064 10.312500000000004
2.4042553191489366 10.125000000000004
2.4000000000000004 10.031250000000004
2.4085106382978725 9.953125000000004
2.4085106382978725 9.859375000000002
2.4127659574468088 9.765625000000002
2.4170212765957446 9.687500000000004
2.4127659574468088 9.640625000000002
2.4170212765957446 9.578125000000004
2.4170212765957446 9.484375000000004
2.4170212765957446 9.406250000000004
2.421276595744681 9.359375000000002
2.425531914893617 9.281250000000004
2.4297872340425535 9.156250000000002
2.425531914893617 9.078125000000004
2.4297872340425535 9.000000000000002
2.4297872340425535 8.921875000000002
2.4340425531914898 8.843750000000002
2.4340425531914898 8.750000000000002
2.4340425531914898 8.640625000000002
2.438297872340426 8.546875000000002
2.446808510638298 8.468750000000002
2.442553191489362 8.359375000000002
2.446808510638298 8.281250000000002
2.451063829787234 8.187500000000002
2.4553191489361703 8.093750000000002
2.4553191489361703 7.984375000000002
2.4595744680851066 7.859375000000002
2.463829787234043 7.703125000000002
2.463829787234043 7.625000000000002
2.468085106382979 7.468750000000001
2.472340425531915 7.312500000000002
2.4765957446808513 7.203125000000002
2.4808510638297876 7.093750000000002
2.817021276595745 0.015624999999998224
2.804255319148936 0.0625
2.791489361702128 0.09374999999999822
2.7787234042553193 0.15625
2.774468085106383 0.21875
2.7659574468085104 0.2968749999999982
2.7531914893617024 0.3593749999999982
2.74468085106383 0.4531249999999982
2.7361702127659573 0.546875
2.7276595744680856 0.6249999999999982
2.719148936170213 0.7187499999999982
2.7106382978723405 0.796875
2.7106382978723405 0.859375
2.7021276595744683 0.921875
2.7021276595744683 0.9999999999999982
2.697872340425532 1.1093749999999982
2.693617021276596 1.1875
2.68936170212766 1.2656249999999982
2.6851063829787236 1.34375
2.676595744680851 1.3906249999999982
2.676595744680851 1.46875
2.672340425531915 1.53125
2.668085106382979 1.625
2.663829787234043 1.6875
2.659574468085107 1.78125
2.651063829787234 1.890625
2.651063829787234 1.9843749999999982
2.6425531914893616 2.0625
2.638297872340426 2.15625
2.6340425531914895 2.2499999999999982
2.6297872340425537 2.34375
2.6255319148936174 2.4687499999999982
2.621276595744681 2.5781249999999982
2.621276595744681 2.71875
2.4765957446808513 6.984375000000002
2.4808510638297876 6.875000000000001
2.4851063829787234 6.765625000000001
2.4851063829787234 6.687500000000002
2.4893617021276597 6.562500000000002
2.4893617021276597 6.437500000000001
2.493617021276596 6.281250000000001
2.502127659574468 6.187500000000001
2.4978723404255323 6.093750000000002
2.5063829787234044 6.015625000000002
2.5106382978723407 5.937500000000002
2.5148936170212766 5.828125000000002
2.6085106382978727 2.828125
2.6 3.015625
2.5957446808510642 3.296875
2.5787234042553195 3.765625
2.5659574468085107 4.125
2.5574468085106385 4.484375000000001
2.54468085106383 4.890625000000001
2.5276595744680854 5.3125
2.519148936170213 5.578125000000001
