2.2983425414364644 19.810426540284357
2.2983425414364644 19.5260663507109
2.3038674033149174 19.383886255924168
2.3038674033149174 19.19431279620853
2.3093922651933707 19.052132701421797
2.3149171270718236 18.81516587677725
2.3149171270718236 18.62559241706161
2.3204419889502765 18.38862559241706
2.3259668508287294 18.104265402843602
2.3259668508287294 17.86729857819905
2.331491712707183 17.582938388625593
2.3370165745856357 17.345971563981042
2.3425414364640886 17.061611374407583
2.3425414364640886 16.824644549763033
2.348066298342542 16.540284360189574
2.3535911602209945 16.303317535545023
2.3535911602209945 16.066350710900473
2.359116022099448 15.829383886255922
2.364640883977901 15.545023696682463
2.364640883977901 15.308056872037913
2.370165745856354 15.071090047393364
2.375690607734807 14.739336492890995
2.375690607734807 14.454976303317533
2.38121546961326 14.265402843601894
2.386740331491713 13.981042654028435
2.386740331491713 13.791469194312794
2.392265193370166 13.507109004739336
2.397790055248619 13.222748815165875
2.397790055248619 13.033175355450236
2.403314917127072 12.843601895734595
2.4088397790055254 12.559241706161135
2.4143646408839783 12.369668246445496
2.4143646408839783 12.132701421800945
2.419889502762431 11.848341232227488
2.419889502762431 11.563981042654028
2.4254143646408846 11.327014218009477
2.430939226519337 11.090047393364928
2.4364640883977904 10.900473933649288
2.4419889502762433 10.616113744075829
2.447513812154696 10.331753554502368
2.4530386740331496 9.952606635071088
2.458563535911603 9.668246445497628
2.4640883977900554 9.43127962085308
2.4696132596685088 9.146919431279619
2.4751381215469617 8.86255924170616
2.4806629834254146 8.53080568720379
2.486187845303868 8.29383886255924
2.4917127071823204 8.009478672985782
2.4972375690607738 7.677725118483412
2.5027624309392267 7.4407582938388614
2.50828729281768 7.156398104265403
2.513812154696133 6.872037914691942
2.5193370165745863 6.587677725118482
2.530386740331492 6.255924170616112
2.535911602209945 5.924170616113745
2.541436464088398 5.545023696682463
2.552486187845304 5.260663507109005
2.552486187845304 5.0710900473933656
2.558011049723757 4.786729857819903
2.5690607734806634 4.502369668246445
2.5745856353591163 4.218009478672986
2.5745856353591163 3.9810426540284354
2.5801104972375697 3.8388625592417043
2.585635359116022 3.649289099526065
2.5966850828729284 3.364928909952603
2.6022099447513813 3.0805687203791443
2.6077348066298347 2.890995260663505
2.6132596685082876 2.6540284360189546
2.6187845303867405 2.4644549763033154
2.629834254143647 2.1800947867298603
2.6353591160220997 1.9431279620853097
2.6464088397790055 1.6113744075829395
2.651933701657459 1.3270142180094808
2.657458563535912 1.0900473933649302
2.6629834254143647 0.8530805687203795
2.679558011049724 0.6635071090047404
2.69060773480663 0.3791469194312782
2.701657458563536 0.04739336492891155
2.7127071823204423 -0.1895734597156391
2.7182320441988956 -0.4739336492891013
2.7348066298342544 -0.7109004739336484
2.7403314917127073 -0.9952606635071106
2.7569060773480665 -1.2322274881516577
2.7734806629834257 -1.51658767772512
2.790055248618785 -1.7535545023696706
2.806629834254144 -1.9431279620853097
2.81767955801105 -2.1800947867298603
2.8397790055248624 -2.3696682464454994
2.8729281767955808 -2.5592417061611386
2.900552486187846 -2.654028436018958
2.917127071823205 -2.7488151658767777
2.950276243093923 -2.654028436018958
2.9834254143646413 -2.60663507109005
3.0055248618784534 -2.3696682464454994
3.0220994475138125 -2.1800947867298603
3.0441988950276246 -1.9431279620853097
3.0662983425414367 -1.6587677725118475
3.088397790055249 -1.4218009478673004
3.0994475138121547 -1.1848341232227497
3.1160220994475143 -0.9004739336492911
3.12707182320442 -0.6635071090047404
3.1381215469613264 -0.4739336492891013
3.1602209944751385 -0.23696682464455066
3.1712707182320443 0.04739336492891155
3.1878453038674035 0.3791469194312782
3.2044198895027627 0.6635071090047404
3.226519337016575 0.9478672985781991
3.243093922651934 1.1374407582938382
3.2596685082872927 1.3270142180094808
3.2762430939226523 1.4691943127962048
3.2983425414364644 1.706161137440759
3.3314917127071824 1.8483412322274901
3.353591160220995 1.8483412322274901
3.392265193370166 1.9431279620853097
3.430939226519337 1.9905213270142141
3.4640883977900554 2.0853080568720337
3.4861878453038675 2.1800947867298603
3.5082872928176796 2.2748815165876763
3.5303867403314917 2.417061611374404
3.5524861878453042 2.559241706161135
3.5801104972375692 2.7962085308056857
3.651933701657459 3.649289099526065
3.6629834254143647 3.933649289099524
3.679558011049724 4.1232227488151665
3.5966850828729284 2.9857819905213248
3.6132596685082876 3.127962085308056
3.6298342541436464 3.364928909952603
3.696132596685083 4.312796208530806
3.7016574585635365 4.502369668246445
3.7127071823204423 4.691943127962084
3.723756906077348 4.834123222748815
3.7348066298342544 5.0710900473933656
3.74585635359116 5.213270142180093
3.7569060773480665 5.355450236966824
3.76243093922652 5.545023696682463
3.7790055248618786 5.8767772511848335
3.790055248618785 6.113744075829381
3.7955801104972378 6.303317535545023
3.8066298342541436 6.492890995260662
3.8232044198895028 6.777251184834123
3.834254143646409 7.014218009478672
3.845303867403315 7.251184834123222
3.8508287292817682 7.488151658767771
3.8618784530386745 7.5829383886255926
3.8784530386740332 7.81990521327014
3.8950276243093924 8.009478672985782
3.9060773480662982 8.24644549763033
3.9337016574585637 8.48341232227488
3.950276243093923 8.720379146919429
3.972375690607735 8.815165876777248
4 8.815165876777248
4.0220994475138125 8.815165876777248
4.05524861878453 8.67298578199052
4.071823204419889 8.48341232227488
4.093922651933702 8.29383886255924
4.104972375690608 8.056872037914692
4.121546961325967 7.914691943127959
4.1325966850828735 7.725118483412322
4.143646408839779 7.535545023696683
4.1602209944751385 7.345971563981042
4.171270718232044 7.203791469194313
4.1878453038674035 7.0616113744075815
4.19889502762431 6.824644549763033
4.209944751381215 6.682464454976303
4.220994475138122 6.492890995260662
4.2430939226519335 6.255924170616112
4.25414364640884 6.066350710900473
4.265193370165745 5.8293838862559255
4.287292817679558 5.545023696682463
4.303867403314918 5.308056872037913
4.320441988950277 5.1184834123222736
4.331491712707182 4.881516587677723
4.342541436464089 4.691943127962084
4.3646408839779 4.454976303317533
4.3812154696132595 4.312796208530806
4.397790055248619 4.075829383886255
4.414364640883978 3.886255924170616
4.425414364640884 3.6966824644549767
4.4364640883977895 3.507109004739334
4.453038674033149 3.364928909952603
4.475138121546961 3.175355450236964
4.497237569060774 2.890995260663505
4.513812154696133 2.6540284360189546
4.535911602209945 2.4644549763033154
4.546961325966851 2.2748815165876763
4.5635359116022105 2.0853080568720337
4.591160220994475 1.8483412322274901
4.613259668508287 1.6113744075829395
4.6353591160221 1.4218009478673004
4.662983425414365 1.2322274881516542
4.685082872928177 0.9952606635071106
4.707182320441989 0.8530805687203795
4.734806629834254 0.6635071090047404
4.7569060773480665 0.5213270142180093
4.779005524861878 0.42654028436018976
4.81767955801105 0.28436018957345865
4.856353591160222 0.09478672985781955
4.900552486187845 0.04739336492891155
4.939226519337017 0.04739336492891155
4.988950276243094 0.04739336492891155
5.038674033149172 0.04739336492891155
5.088397790055248 0.1895734597156391
5.143646408839779 0.3791469194312782
5.18232044198895 0.4739336492891013
5.2154696132596685 0.5687203791469209
5.248618784530387 0.6635071090047404
5.281767955801104 0.7109004739336484
5.303867403314917 0.805687203791468
5.320441988950276 0.8530805687203795
5.342541436464089 0.9004739336492911
5.3646408839779 0.9952606635071106
5.392265193370166 1.0900473933649302
5.414364640883978 1.1374407582938382
5.4364640883977895 1.1848341232227497
5.469613259668508 1.2796208530805693
5.49171270718232 1.3744075829383888
5.519337016574585 1.4218009478673004
5.552486187845304 1.51658767772512
5.574585635359116 1.6113744075829395
5.602209944751381 1.706161137440759
5.624309392265193 1.7535545023696706
5.651933701657459 1.8483412322274901
5.679558011049724 1.9431279620853097
5.7016574585635365 2.0853080568720337
5.784530386740331 2.417061611374404
5.801104972375691 2.559241706161135
5.823204419889503 2.6540284360189546
5.845303867403315 2.7962085308056857
5.87292817679558 2.890995260663505
5.900552486187846 3.127962085308056
5.7292817679558015 2.1800947867298603
5.762430939226519 2.2748815165876763
5.922651933701657 3.2701421800947834
5.9502762430939224 3.4123222748815145
5.972375690607735 3.649289099526065
5.994475138121547 3.7914691943127963
6.0220994475138125 4.028436018957343
6.044198895027624 4.1706161137440745
6.066298342541436 4.360189573459714
6.082872928176795 4.502369668246445
6.099447513812155 4.691943127962084
6.12707182320442 4.881516587677723
6.154696132596685 5.0710900473933656
6.18232044198895 5.213270142180093
6.204419889502763 5.402843601895736
6.232044198895027 5.592417061611375
6.259668508287293 5.734597156398102
6.287292817679558 5.8767772511848335
6.314917127071823 5.971563981042653
6.342541436464089 6.066350710900473
6.3646408839779 6.113744075829381
6.397790055248619 6.113744075829381
6.430939226519336 6.113744075829381
6.475138121546961 6.113744075829381
6.502762430939227 6.066350710900473
6.535911602209945 6.018957345971561
6.569060773480663 5.924170616113745
6.596685082872928 5.8293838862559255
6.624309392265194 5.734597156398102
6.662983425414365 5.592417061611375
6.69060773480663 5.545023696682463
6.729281767955801 5.402843601895736
6.767955801104972 5.308056872037913
6.806629834254143 5.165876777251185
6.8397790055248615 5.023696682464454
6.861878453038674 4.9289099526066344
6.895027624309392 4.9289099526066344
6.917127071823204 4.834123222748815
6.955801104972375 4.739336492890995
6.994475138121547 4.644549763033176
7.0220994475138125 4.644549763033176
7.060773480662983 4.597156398104264
7.099447513812155 4.549763033175356
7.127071823204419 4.502369668246445
7.160220994475138 4.502369668246445
7.1878453038674035 4.454976303317533
7.220994475138122 4.454976303317533
7.2430939226519335 4.454976303317533
7.270718232044199 4.454976303317533
7.30939226519337 4.502369668246445
7.337016574585635 4.502369668246445
7.353591160220994 4.549763033175356
7.386740331491713 4.549763033175356
7.419889502762431 4.597156398104264
7.447513812154695 4.644549763033176
7.47513812154696 4.644549763033176
7.519337016574585 4.691943127962084
7.552486187845303 4.739336492890995
7.596685082872927 4.834123222748815
7.624309392265193 4.881516587677723
7.668508287292818 4.9289099526066344
7.696132596685082 4.976303317535546
7.729281767955801 5.023696682464454
7.762430939226519 5.0710900473933656
7.80110497237569 5.1184834123222736
7.828729281767956 5.1184834123222736
7.867403314917127 5.213270142180093
7.906077348066298 5.260663507109005
7.939226519337017 5.308056872037913
7.961325966850828 5.355450236966824